29900
27990
21900
20990
23800
23300
20880
15800
18600
18600
16500
12100
13500
12300
12600
8790
8650
7290
13200
9950
9500
8500
11200
6200
5190
5390
4350
5900
4790
4250
3190
12890
8950
15790
21490
8990
9690
5590
7990
7290
3590
7900
7690
8140
7790
7290
5690
2850
3690
17590
4990
3990
2150
20900
6990
4990
2590
2130
1990
18590
5190
18990
5550
2590
3290
1890
2170
29990
3390
2290
3890
42990
2090
3190
1990
78990
24990
34490
15490
11290
6990
32990
19990
7690
22490
40530
9790
35990
89990
26690
17990
13490
8790
9990
77490
42490
23990
14290
10990
10500
14900
8470
9900
43400
7390
4490
8990
44200
2480
3890
4590
3950
2080
7190
7990
1990
1590
1590
790
1750
2390
2190
3590
990
2240
4230
880
1290
3490
820
2020
2720
720
1170
1160
2190
8990
3490
2630
1490
3220
10900
3970
1490
7590
9600
5390
1690
2090
1930
6550
4250
2690