113101
112101
112102
112103
111101
111102
111103
112201
112202
111201
111202
113201
113202
113203
112301
112302
112303
112304
111301
111302
111303
111304
113301
113302
113303
112401
112402
111401
111402
113401
113402
121201
121301
122102
122101
122301
123201
123301
123202
123203
123302
211101
211102
213101
211103
213102
211201
213201
211202
211301
212101
212102
212201
213301
213103
213202
213203
214101
214102
231101
231201
233101
233201
233202
232201
232202
234201
223301
223201
223202
221201
221301
222201
222202
224201
311001
311002
311003
311004
311005
312001
314001
314002
315001
324001
324002
324003
321001
321002
321003
321004
321005
325001
325002
331001
331002
331003
331004
331005
332001
332002
332003
333001
334001
335001
335002
335003
335004
411301
411302
411303
412301
412302
412303
412304
422101
421101
422102
421102
422201
423201
423201
423202
511401
511201
511101
521401
521301
521101
512401
512201
512101
522401
522301
522201
522101
611001
613001
614001
615001
624001
621001
623001
635001
631001
631002
633001
634001
634002
645001
642001
643001
644001